14391
14394
14397
14400
14403
14406
14410
14413
14416
14419
14422
14425
14428
14432
14435
14438
14441
14444
14447
14450
14453
14456
14460
14463
14466
14469
14472
14475
14478
14481
14484
14488
14491
14494
14497
14500
14503
14506
14509
14512
14515
14518
14521
14525
14528
14531
14534
14537
14540
14543
14546
14549
14552
14555
14558
14561
14564
14567
14570
14573
14576
14579
14583
14586
14589
14592
14595
14598
14601
14604
14607
14610
14613
14616
14619
14622
14625
14628
14631
14634
14637
14640
14643
14646
14649
14652
14655
14658
14661
14664
14667
14670
14673
14676
14679
14682
14685
14688
14690
14693
14696
14699
14702
14705
14708
14711
14714
14717
14720
14723
14726
14729
14732
14735
14738
14741
14743
14746
14749
14752
14755
14758
14761
14764
14767
14770
14773
14775
14778
14781
14784
14787
14790
14793
14796
14799
14801
14804
14807
14810
14813
14816
14819
14822
14824
14827
14830
14833
14836
14839
14842
14844
14847
14850
14853
14856
14859
14862
14864
14867
14870
14873
14876
14878
14881
14884
14887
14890
14893
14895
14898
14901
14904
14907
14909
14912
14915
14918
14921
14923
14926
14929
14932
14934
14937
14940
14943
14946
14948
14951
14954
14957
14959
14962
14965
14968
14970
14973
14976
14979
14981
14984
14987
14989
14992
14995
14998
15000
15003
15006
15008
15011
15014
15017
15019
15022
15025
15027
15030
15033
15035
15038
15041
15044
15046
15049
15052
15054
15057
15060
15062
15065
15068
15070
15073
15075
15078
15081
15083
15086
15089
15091
15094
15097
15099
15102
15104
15107
15110
15112
15115
15118
15120
15123
15125
15128
15131
15133
15136
15138
15141
15144
15146
15149
15151
15154
15156
15159
15162
15164
15167
15169
15172
15174
15177
15179
15182
15185
15187
15190
15192
15195
15197
15200
15202
15205
15207
15210
15212
15215
15217
15220
15222
15225
15227
15230
15232
15235
15237
15240
15242
15245
15247
15250
15252
15255
15257
15260
15262
15265
15267
15270
15272
15274
15277
15279
15282
15284
15287
15289
15292
15294
15296
15299
15301
15304
15306
15308
15311
15313
15316
15318
15320
15323
15325
15328
15330
15332
15335
15337
15340
15342
15344
15347
15349
15351
15354
15356
15359
15361
15363
15366
15368
15370
15373
15375
15377
15380
15382
15384
15387
15389
15391
15394
15396
15398
15400
15403
15405
15407
15410
15412
15414
15417
15419
15421
15423
15426
15428
15430
15432
15435
15437
15439
15442
15444
15446
15448
15451
15453
15455
15457
15459
15462
15464
15466
15468
15471
15473
15475
15477
15479
15482
15484
15486
15488
15490
15493
15495
15497
15499
15501
15504
15506
15508
15510
15512
15514
15517
15519
15521
15523
15525
15527
15530
15532
15534
15536
15538
15540
15542
15544
15547
15549
15551
15553
15555
15557
15559
15561
15563
15566
15568
15570
15572
15574
15576
15578
15580
15582
15584
15586
15588
15590
15593
15595
15597
15599
15601
15603
15605
15607
15609
15611
15613
15615
15617
15619
15621
15623
15625
15627
15629
15631
15633
15635
15637
15639
15641
15643
15645
15647
15649
15651
15653
15655
15657
15659
15661
15663
15665
15667
15669
15671
15672
15674
15676
15678
15680
15682
15684
15686
15688
15690
15692
15694
15696
15697
15699
15701
15703
15705
15707
15709
15711
15713
15714
15716
15718
15720
15722
15724
15726
15727
15729
15731
15733
15735
15737
15739
15740
15742
15744
15746
15748
15750
15751
15753
15755
15757
15759
15760
15762
15764
15766
15768
15769
15771
15773
15775
15776
15778
15780
15782
15784
15785
15787
15789
15791
15792
15794
15796
15798
15799
15801
15803
15804
15806
15808
15810
15811
15813
15815
15816
15818
15820
15822
15823
15825
15827
15828
15830
15832
15833
15835
15837
15838
15840
15842
15843
15845
15847
15848
15850
15852
15853
15855
15857
15858
15860
15861
15863
15865
15866
15868
15870
15871
15873
15874
15876
15878
15879
15881
15882
15884
15885
15887
15889
15890
15892
15893
15895
15896
15898
15900
15901
15903
15904
15906
15907
15909
15910
15912
15913
15915
15916
15918
15919
15921
15922
15924
15925
15927
15928
15930
15931
15933
15934
15936
15937
15939
15940
15942
15943
15945
15946
15948
15949
15951
15952
15953
15955
15956
15958
15959
15961
15962
15963
15965
15966
15968
15969
15971
15972
15973
15975
15976
15978
15979
15980
15982
15983
15984
15986
15987
15989
15990
15991
15993
15994
15995
15997
15998
15999
16001
16002
16003
16005
16006
16007
16009
16010
16011
16013
16014
16015
16017
16018
16019
16020
16022
16023
16024
16026
16027
16028
16029
16031
16032
16033
16035
16036
16037
16038
16040
16041
16042
16043
16045
16046
16047
16048
16049
16051
16052
16053
16054
16056
16057
16058
16059
16060
16062
16063
16064
16065
16066
16067
16069
16070
16071
16072
16073
16074
16076
16077
16078
16079
16080
16081
16083
16084
16085
16086
16087
16088
16089
16090
16092
16093
16094
16095
16096
16097
16098
16099
16100
16101
16103
16104
16105
16106
16107
16108
16109
16110
16111
16112
16113
16114
16115
16116
16117
16119
16120
16121
16122
16123
16124
16125
16126
16127
16128
16129
16130
16131
16132
16133
16134
16135
16136
16137
16138
16139
16140
16141
16142
16143
16144
16145
16146
16146
16147
16148
16149
16150
16151
16152
16153
16154
16155
16156
16157
16158
16159
16160
16160
16161
16162
16163
16164
16165
16166
16167
16168
16169
16169
16170
16171
16172
16173
16174
16175
16176
16176
16177
16178
16179
16180
16181
16182
16182
16183
16184
16185
16186
16187
16187
16188
16189
16190
16191
16191
16192
16193
16194
16195
16195
16196
16197
16198
16199
16199
16200
16201
16202
16202
16203
16204
16205
16205
16206
16207
16208
16208
16209
16210
16211
16211
16212
16213
16214
16214
16215
16216
16216
16217
16218
16218
16219
16220
16221
16221
16222
16223
16223
16224
16225
16225
16226
16227
16227
16228
16229
16229
16230
16231
16231
16232
16233
16233
16234
16234
16235
16236
16236
16237
16238
16238
16239
16239
16240
16241
16241
16242
16242
16243
16244
16244
16245
16245
16246
16247
16247
16248
16248
16249
16249
16250
16250
16251
16252
16252
16253
16253
16254
16254
16255
16255
16256
16256
16257
16257
16258
16258
16259
16259
16260
16260
16261
16261
16262
16262
16263
16263
16264
16264
16265
16265
16266
16266
16267
16267
16268
16268
16269
16269
16269
16270
16270
16271
16271
16272
16272
16273
16273
16273
16274
16274
16275
16275
16275
16276
16276
16277
16277
16277
16278
16278
16279
16279
16279
16280
16280
16280
16281
16281
16282
16282
16282
16283
16283
16283
16284
16284
16284
16285
16285
16285
16286
16286
16286
16287
16287
16287
16288
16288
16288
16289
16289
16289
16290
16290
16290
16290
16291
16291
16291
16292
16292
16292
16292
16293
16293
16293
16293
16294
16294
16294
16294
16295
16295
16295
16295
16296
16296
16296
16296
16297
16297
16297
16297
16297
16298
16298
16298
16298
16298
16299
16299
16299
16299
16299
16300
16300
16300
16300
16300
16301
16301
16301
16301
16301
16301
16302
16302
16302
16302
16302
16302
16302
16303
16303
16303
16303
16303
16303
16303
16303
16304
16304
16304
16304
16304
16304
16304
16304
16304
16305
16305
16305
16305
16305
16305
16305
16305
16305
16305
16305
16305
16305
16306
16306
16306
16306
16306
16306
16306
16306
16306
16306
16306
16306
16306
16306
16306
16306
16306
16306
16306
16306
16306
16306
16306
16306
16306
16306
16306
16306
16306
16306
16306
16306
16306
16306
16306
16306
16306
16306
16306
16306
16306
16306
16306
16306
16306
16306
16306
16306
16305
16305
16305
16305
16305
16305
16305
16305
16305
16305
16305
16305
16305
16304
16304
16304
16304
16304
16304
16304
16304
16304
16304
16303
16303
16303
16303
16303
16303
16303
16303
16302
16302
16302
16302
16302
16302
16302
16301
16301
16301
16301
16301
16301
16300
16300
16300
16300
16300
16300
16299
16299
16299
16299
16299
16298
16298
16298
16298
16298
16297
16297
16297
16297
16297
16296
16296
16296
16296
16296
16295
16295
16295
16295
16294
16294
16294
16294
16293
16293
16293
16293
16292
16292
16292
16292
16291
16291
16291
16291
16290
16290
16290
16289
16289
16289
16289
16288
16288
16288
16287
16287
16287
16286
16286
16286
16286
16285
16285
16285
16284
16284
16284
16283
16283
16283
16282
16282
16282
16281
16281
16281
16280
16280
16280
16279
16279
16279
16278
16278
16277
16277
16277
16276
16276
16276
16275
16275
16274
16274
16274
16273
16273
16272
16272
16272
16271
16271
16270
16270
16270
16269
16269
16268
16268
16268
16267
16267
16266
16266
16265
16265
16265
16264
16264
16263
16263
16262
16262
16262
16261
16261
16260
16260
16259
16259
16258
16258
16257
16257
16256
16256
16255
16255
16255
16254
16254
16253
16253
16252
16252
16251
16251
16250
16250
16249
16249
16248
16248
16247
16247
16246
16246
16245
16244
16244
16243
16243
16242
16242
16241
16241
16240
16240
16239
16239
16238
16238
16237
16236
16236
16235
16235
16234
16234
16233
16232
16232
16231
16231
16230
16230
16229
16228
16228
16227
16227
16226
16226
16225
16224
16224
16223
16223
16222
16221
16221
16220
16220
16219
16218
16218
16217
16216
16216
16215
16215
16214
16213
16213
16212
16211
16211
16210
16210
16209
16208
16208
16207
16206
16206
16205
16204
16204
16203
16202
16202
16201
16200
16200
16199
16198
16198
16197
16196
16196
16195
16194
16194
16193
16192
16192
16191
16190
16189
16189
16188
16187
16187
16186
16185
16184
16184
16183
16182
16182
16181
16180
16179
16179
16178
16177
16177
16176
16175
16174
16174
16173
16172
16171
16171
16170
16169
16168
16168
16167
16166
16165
16165
16164
16163
16162
16162
16161
16160
16159
16158
16158
16157
16156
16155
16155
16154
16153
16152
16151
16151
16150
16149
16148
16147
16147
16146
16145
16144
16143
16143
16142
16141
16140
16139
16139
16138
16137
16136
16135
16135
16134
16133
16132
16131
16130
16130
16129
16128
16127
16126
16125
16124
16124
16123
16122
16121
16120
16119
16119
16118
16117
16116
16115
16114
16113
16112
16112
16111
16110
16109
16108
16107
16106
16105
16105
16104
16103
16102
16101
16100
16099
16098
16097
16097
16096
16095
16094
16093
16092
16091
16090
16089
16088
16088
16087
16086
16085
16084
16083
16082
16081
16080
16079
16078
16077
16076
16076
16075
16074
16073
16072
16071
16070
16069
16068
16067
16066
16065
16064
16063
16062
16061
16060
16059
16058
16058
16057
16056
16055
16054
16053
16052
16051
16050
16049
16048
16047
16046
16045
16044
16043
16042
16041
16040
16039
16038
16037
16036
16035
16034
16033
16032
16031
16030
16029
16028
16027
16026
16025
16024
16023
16022
16021
16020
16019
16018
16017
16016
16015
16014
16013
16012
16011
16010
16009
16008
16007
16006
16004
16003
16002
16001
16000
15999
15998
15997
15996
15995
15994
15993
15992
15991
15990
15989
15988
15987
15986
15984
15983
15982
15981
15980
15979
15978
15977
15976
15975
15974
15973
15972
15971
15969
15968
15967
15966
15965
15964
15963
15962
15961
15960
15959
15957
15956
15955
15954
15953
15952
15951
15950
15949
15948
15946
15945
15944
15943
15942
15941
15940
15939
15938
15936
15935
15934
15933
15932
15931
15930
15929
15927
15926
15925
15924
15923
15922
15921
15919
15918
15917
15916
15915
15914
15913
15911
15910
15909
15908
15907
15906
15905
15903
15902
15901
15900
15899
15898
15896
15895
15894
15893
15892
15891
15889
15888
15887
15886
15885
15884
15882
15881
15880
15879
15878
15876
15875
15874
15873
15872
15871
15869
15868
15867
15866
15865
15863
15862
15861
15860
15859
15857
15856
15855
15854
15853
15851
15850
15849
15848
15847
15845
15844
15843
15842
15840
15839
15838
15837
15836
15834
15833
15832
15831
15829
15828
15827
15826
15825
15823
15822
15821
15820
15818
15817
15816
15815
15813
15812
15811
15810
15808
15807
15806
15805
15803
15802
15801
15800
15798
15797
15796
15795
15793
15792
15791
15790
15788
15787
15786
15785
15783
15782
15781
15780
15778
15777
15776
15774
15773
15772
15771
15769
15768
15767
15766
15764
15763
15762
15760
15759
15758
15757
15755
15754
15753
15751
15750
15749
15748
15746
15745
15744
15742
15741
15740
15738
15737
15736
15735
15733
15732
15731
15729
15728
15727
15725
15724
15723
15722
15720
15719
15718
15716
15715
15714
15712
15711
15710
15708
15707
15706
15704
15703
15702
15700
15699
15698
15696
15695
15694
15693
15691
15690
15689
15687
15686
15685
15683
15682
15681
15679
15678
15677
15675
15674
15672
15671
15670
15668
15667
15666
15664
15663
15662
15660
15659
15658
15656
15655
15654
15652
15651
15650
15648
15647
15645
15644
15643
15641
15640
15639
15637
15636
15635
15633
15632
15630
15629
15628
15626
15625
15624
15622
15621
15620
15618
15617
15615
15614
15613
15611
15610
15609
15607
15606
15604
15603
15602
15600
15599
15597
15596
15595
15593
15592
15591
15589
15588
15586
15585
15584
15582
15581
15579
15578
15577
15575
15574
15572
15571
15570
15568
15567
15565
15564
15563
15561
15560
15558
15557
15556
15554
15553
15551
15550
15549
15547
15546
15544
15543
15541
15540
15539
15537
15536
15534
15533
15532
15530
15529
15527
15526
15524
15523
15522
15520
15519
15517
15516
15515
15513
15512
15510
15509
15507
15506
15505
15503
15502
15500
15499
15497
15496
15495
15493
15492
15490
15489
15487
15486
15484
15483
15482
15480
15479
15477
15476
15474
15473
15471
15470
15469
15467
15466
15464
15463
15461
15460
15458
15457
15456
15454
15453
15451
15450
15448
15447
15445
15444
15442
15441
15440
15438
15437
15435
15434
15432
15431
15429
15428
15426
15425
15424
15422
15421
15419
15418
15416
15415
15413
15412
15410
15409
15407
15406
15404
15403
15402
15400
15399
15397
15396
15394
15393
15391
15390
15388
15387
15385
15384
15382
15381
15379
15378
15376
15375
15373
15372
15371
15369
15368
15366
15365
15363
15362
15360
15359
15357
15356
15354
15353
15351
15350
15348
15347
15345
15344
15342
15341
15339
15338
15336
15335
15333
15332
15330
15329
15327
15326
15324
15323
15321
15320
15318
15317
15315
15314
15312
15311
15309
15308
15306
15305
15303
15302
15300
15299
15297
15296
15294
15293
15291
15290
15288
15287
15285
15284
15282
15281
15279
15278
15276
15275
15273
15272
15270
15269
15267
15266
15264
15263
15261
15260
15258
15257
15255
15254
15252
15251
15249
15248
15246
15245
15243
15241
15240
15238
15237
15235
15234
15232
15231
15229
15228
15226
15225
15223
15222
15220
15219
15217
15216
15214
15213
15211
15210
15208
15206
15205
15203
15202
15200
15199
15197
15196
15194
15193
15191
15190
15188
15187
15185
15184
15182
15180
15179
15177
15176
15174
15173
15171
15170
15168
15167
15165
15164
15162
15161
15159
15157
15156
15154
15153
15151
15150
15148
15147
15145
15144
15142
15141
15139
15137
15136
15134
15133
15131
15130
15128
15127
15125
15124
15122
15120
15119
15117
15116
15114
15113
15111
15110
15108
15107
15105
15103
15102
15100
15099
15097
15096
15094
15093
15091
15090
15088
15086
15085
15083
15082
15080
15079
15077
15076
15074
15072
15071
15069
15068
15066
15065
15063
15062
15060
15059
15057
15055
15054
15052
15051
15049
15048
15046
15045
15043
15041
15040
15038
15037
15035
15034
15032
15030
15029
15027
15026
15024
15023
15021
15020
15018
15016
15015
15013
15012
15010
15009
15007
15006
15004
15002
15001
14999
14998
14996
14995
14993
14991
14990
14988
14987
14985
14984
14982
14981
14979
14977
14976
14974
14973
14971
14970
14968
14966
14965
14963
14962
14960
14959
14957
14955
14954
14952
14951
14949
14948
14946
14944
14943
14941
14940
14938
14937
14935
14933
14932
14930
14929
14927
14926
14924
14922
14921
14919
14918
14916
14915
14913
14911
14910
14908
14907
14905
14904
14902
14900
14899
14897
14896
14894
14893
14891
14889
14888
14886
14885
14883
14882
14880
14878
14877
14875
14874
14872
14871
14869
14867
14866
14864
14863
14861
14860
14858
14856
14855
14853
14852
14850
14848
14847
14845
14844
14842
14841
14839
14837
14836
14834
14833
14831
14830
14828
14826
14825
14823
14822
14820
14818
14817
14815
14814
14812
14811
14809
14807
14806
14804
14803
14801
14800
14798
14796
14795
14793
14792
14790
14788
14787
14785
14784
14782
14781
14779
14777
14776
14774
14773
14771
14769
14768
14766
14765
14763
14762
14760
14758
14757
14755
14754
14752
14750
14749
14747
14746
14744
14743
14741
14739
14738
14736
14735
14733
14731
14730
14728
14727
14725
14724
14722
14720
14719
14717
14716
14714
14712
14711
14709
14708
14706
14705
14703
14701
14700
14698
14697
14695
14693
14692
14690
14689
14687
14686
14684
14682
14681
14679
14678
14676
14674
14673
14671
14670
14668
14667
14665
14663
14662
14660
14659
14657
14655
14654
14652
14651
14649
14647
14646
14644
14643
14641
14640
14638
14636
14635
14633
14632
14630
14628
14627
14625
14624
14622
14621
14619
14617
14616
14614
14613
14611
14609
14608
14606
14605
14603
14601
14600
14598
14597
14595
14594
14592
14590
14589
14587
14586
14584
14582
14581
14579
14578
14576
14574
14573
14571
14570
14568
14567
14565
14563
14562
14560
14559
14557
14555
14554
14552
14551
14549
14548
14546
14544
14543
14541
14540
14538
14536
14535
14533
14532
14530
14528
14527
14525
14524
14522
14521
14519
14517
14516
14514
14513
14511
14509
14508
14506
14505
14503
14502
14500
14498
14497
14495
14494
14492
14490
14489
14487
14486
14484
14482
14481
14479
14478
14476
14475
14473
14471
14470
14468
14467
14465
14463
14462
14460
14459
14457
14456
14454
14452
14451
14449
14448
14446
14444
14443
14441
14440
14438
14436
14435
14433
14432
14430
14429
14427
14425
14424
14422
14421
14419
14417
14416
14414
14413
14411
14410
14408
14406
14405
14403
14402
14400
14398
14397
14395
14394
14392
14391
14389
14387
14386
14384
14383
14381
14379
14378
14376
14375
14373
14372
14370
14368
14367
14365
14364
14362
14360
14359
14357
14356
14354
14353
14351
14349
14348
14346
14345
14343
14341
14340
14338
14337
14335
14334
14332
14330
14329
14327
14326
14324
14322
14321
14319
14318
14316
14315
14313
14311
14310
14308
14307
14305
14304
14302
14300
14299
14297
14296
14294
14292
14291
14289
14288
14286
14285
14283
14281
14280
14278
14277
14275
14273
14272
14270
14269
14267
14266
14264
14262
14261
14259
14258
14256
14255
14253
14251
14250
14248
14247
14245
14244
14242
14240
14239
14237
14236
14234
14232
14231
14229
14228
14226
14225
14223
14221
14220
14218
14217
14215
14214
14212
14210
14209
14207
14206
14204
14203
14201
14199
14198
14196
14195
14193
14191
14190
14188
14187
14185
14184
14182
14180
14179
14177
14176
14174
14173
14171
14169
14168
14166
14165
14163
14162
14160
14158
14157
14155
14154
14152
14151
14149
14147
14146
14144
14143
14141
14140
14138
14136
14135
14133
14132
14130
14129
14127
14125
14124
14122
14121
14119
14118
14116
14114
14113
14111
14110
14108
14107
14105
14103
14102
14100
14099
14097
14096
14094
14092
14091
14089
14088
14086
14085
14083
14081
14080
14078
14077
14075
14074
14072
14070
14069
14067
14066
14064
14063
14061
14059
14058
14056
14055
14053
14052
14050
14048
14047
14045
14044
14042
14041
14039
14038
14036
14034
14033
14031
14030
14028
14027
14025
14023
14022
14020
14019
14017
14016
14014
14012
14011
14009
14008
14006
14005
14003
14002
14000
13998
13997
13995
13994
13992
13991
13989
13987
13986
13984
13983
13981
13980
13978
13976
13975
13973
13972
13970
13969
13967
13966
13964
13962
13961
13959
13958
13956
13955
13953
13952
13950
13948
13947
13945
13944
13942
13941
13939
13937
13936
13934
13933
13931
13930
13928
13927
13925
13923
13922
13920
13919
13917
13916
13914
13913
13911
13909
13908
13906
13905
13903
13902
13900
13898
13897
13895
13894
13892
13891
13889
13888
13886
13884
13883
13881
13880
13878
13877
13875
13874
13872
13870
13869
13867
13866
13864
13863
13861
13860
13858
13856
13855
13853
13852
13850
13849
13847
13846
13844
13842
13841
13839
13838
13836
13835
13833
13832
13830
13828
13827
13825
13824
13822
13821
13819
13818
13816
13815
13813
13811
13810
13808
13807
13805
13804
13802
13801
13799
13797
13796
13794
13793
13791
13790
13788
13787
13785
13783
13782
13780
13779
13777
13776
13774
13773
13771
13770
13768
13766
13765
13763
13762
13760
13759
13757
13756
13754
13752
13751
13749
13748
13746
13745
13743
13742
13740
13739
13737
13735
13734
13732
13731
13729
13728
13726
13725
13723
13722
13720
13718
13717
13715
13714
13712
13711
13709
13708
13706
13705
13703
13701
13700
13698
13697
13695
13694
13692
13691
13689
13688
13686
13684
13683
13681
13680
13678
13677
13675
13674
13672
13671
13669
13667
13666
13664
13663
13661
13660
13658
13657
13655
13654
13652
13650
13649
13647
13646
13644
13643
13641
13640
13638
13637
13635
13634
13632
13630
13629
13627
13626
13624
13623
13621
13620
13618
13617
13615
13613
13612
13610
13609
13607
13606
13604
13603
13601
13600
13598
13597
13595
13593
13592
13590
13589
13587
13586
13584
13583
13581
13580
13578
13577
13575
13573
13572
13570
13569
13567
13566
13564
13563
13561
13560
13558
13557
13555
13553
13552
13550
13549
13547
13546
13544
13543
13541
13540
13538
13537
13535
13533
13532
13530
13529
13527
13526
13524
13523
13521
13520
13518
13517
13515
13514
13512
13510
13509
13507
13506
13504
13503
13501
13500
13498
13497
13495
13494
13492
13490
13489
13487
13486
13484
13483
13481
13480
13478
13477
13475
13474
13472
13471
13469
13467
13466
13464
13463
13461
13460
13458
13457
13455
13454
13452
13451
13449
13448
13446
13444
13443
13441
13440
13438
13437
13435
13434
13432
13431
13429
13428
13426
13425
13423
13422
13420
13418
13417
13415
13414
13412
13411
13409
13408
13406
13405
13403
13402
13400
13399
13397
13395
13394
13392
13391
13389
13388
13386
13385
13383
13382
13380
13379
13377
13376
13374
13373
13371
13369
13368
13366
13365
13363
13362
13360
13359
13357
13356
13354
13353
13351
13350
13348
13347
13345
13343
13342
13340
13339
13337
13336
13334
13333
13331
13330
13328
13327
13325
13324
13322
13321
13319
13318
13316
13314
13313
13311
13310
13308
13307
13305
13304
13302
13301
13299
13298
13296
13295
13293
13292
13290
13288
13287
13285
13284
13282
13281
13279
13278
13276
13275
13273
13272
13270
13269
13267
13266
13264
13263
13261
13259
13258
13256
13255
13253
13252
13250
13249
13247
13246
13244
13243
13241
13240
13238
13237
13235
13234
13232
13230
13229
13227
13226
13224
13223
13221
13220
13218
13217
13215
13214
13212
13211
13209
13208
13206
13205
13203
13202
13200
13198
13197
13195
13194
13192
13191
13189
13188
13186
13185
13183
13182
13180
13179
13177
13176
13174
13173
13171
13170
13168
13166
13165
13163
13162
13160
13159
13157
13156
13154
13153
13151
13150
13148
13147
13145
13144
13142
13141
13139
13138
13136
13134
13133
13131
13130
13128
13127
13125
13124
13122
13121
13119
13118
13116
13115
13113
13112
13110
13109
13107
13106
13104
13102
13101
13099
13098
13096
13095
13093
13092
13090
13089
13087
13086
13084
13083
13081
13080
13078
13077
13075
13074
13072
13070
13069
13067
13066
13064
13063
13061
13060
13058
13057
13055
13054
13052
13051
13049
13048
13046
13045
13043
13042
13040
13038
13037
13035
13034
13032
13031
13029
13028
13026
13025
13023
13022
13020
13019
13017
13016
13014
13013
13011
13010
13008
13007
13005
13003
13002
13000
12999
12997
12996
12994
12993
12991
12990
12988
12987
12985
12984
12982
12981
12979
12978
12976
12975
12973
12971
12970
12968
12967
12965
12964
12962
12961
12959
12958
12956
12955
12953
12952
12950
12949
12947
12946
12944
12943
12941
12939
12938
12936
12935
12933
12932
12930
12929
12927
12926
12924
12923
12921
12920
12918
12917
12915
12914
12912
12911
12909
12907
12906
12904
12903
12901
12900
12898
12897
12895
12894
12892
12891
12889
12888
12886
12885
12883
12882
12880
12879
12877
12875
12874
12872
12871
12869
12868
12866
12865
12863
12862
12860
12859
12857
12856
12854
12853
12851
12850
12848
12847
12845
12843
12842
12840
12839
12837
12836
12834
12833
12831
12830
12828
12827
12825
12824
12822
12821
12819
12818
12816
12814
12813
12811
12810
12808
12807
12805
12804
12802
12801
12799
12798
12796
12795
12793
12792
12790
12789
12787
12786
12784
12782
12781
12779
12778
12776
12775
12773
12772
12770
12769
12767
12766
12764
12763
12761
12760
12758
12756
12755
12753
12752
12750
12749
12747
12746
12744
12743
12741
12740
12738
12737
12735
12734
12732
12731
12729
12727
12726
12724
12723
12721
12720
12718
12717
12715
12714
12712
12711
12709
12708
12706
12705
12703
12701
12700
12698
12697
12695
12694
12692
12691
12689
12688
12686
12685
12683
12682
12680
12679
12677
12676
12674
12672
12671
12669
12668
12666
12665
12663
12662
12660
12659
12657
12656
12654
12653
12651
12649
12648
12646
12645
12643
12642
12640
12639
12637
12636
12634
12633
12631
12630
12628
12627
12625
12623
12622
12620
12619
12617
12616
12614
12613
12611
12610
12608
12607
12605
12604
12602
12600
12599
12597
12596
12594
12593
12591
12590
12588
12587
12585
12584
12582
12581
12579
12577
12576
12574
12573
12571
12570
12568
12567
12565
12564
12562
12561
12559
12558
12556
12554
12553
12551
12550
12548
12547
12545
12544
12542
12541
12539
12538
12536
12535
12533
12531
12530
12528
12527
12525
12524
12522
12521
12519
12518
12516
12515
12513
12511
12510
12508
12507
12505
12504
12502
12501
12499
12498
12496
12495
12493
12491
12490
12488
12487
12485
12484
12482
12481
12479
12478
12476
12475
12473
12471
12470
12468
12467
12465
12464
12462
12461
12459
12458
12456
12455
12453
12451
12450
12448
12447
12445
12444
12442
12441
12439
12438
12436
12435
12433
12431
12430
12428
12427
12425
12424
12422
12421
12419
12418
12416
12415
12413
12411
12410
12408
12407
12405
12404
12402
12401
12399
12398
12396
12394
12393
12391
12390
12388
12387
12385
12384
12382
12381
12379
12377
12376
12374
12373
12371
12370
12368
12367
12365
12364
12362
12360
12359
12357
12356
12354
12353
12351
12350
12348
12347
12345
12343
12342
12340
12339
12337
12336
12334
12333
12331
12330
12328
12326
12325
12323
12322
12320
12319
12317
12316
12314
12313
12311
12309
12308
12306
12305
12303
12302
12300
12299
12297
12296
12294
12292
12291
12289
12288
12286
12285
12283
12282
12280
12278
12277
12275
12274
12272
12271
12269
12268
12266
12265
12263
12261
12260
12258
12257
12255
12254
12252
12251
12249
12247
12246
12244
12243
12241
12240
12238
12237
12235
12233
12232
12230
12229
12227
12226
12224
12223
12221
12220
12218
12216
12215
12213
12212
12210
12209
12207
12206
12204
12202
12201
12199
12198
12196
12195
12193
12192
12190
12188
12187
12185
12184
12182
12181
12179
12178
12176
12174
12173
12171
12170
12168
12167
12165
12164
12162
12160
12159
12157
12156
12154
12153
12151
12150
12148
12146
12145
12143
12142
12140
12139
12137
12135
12134
12132
12131
12129
12128
12126
12125
12123
12121
12120
12118
12117
12115
12114
12112
12111
12109
12107
12106
12104
12103
12101
12100
12098
12096
12095
12093
12092
12090
12089
12087
12086
12084
12082
12081
12079
12078
12076
12075
12073
12071
12070
12068
12067
12065
12064
12062
12061
12059
12057
12056
12054
12053
12051
12050
12048
12046
12045
12043
12042
12040
12039
12037
12036
12034
12032
12031
12029
12028
12026
12025
12023
12021
12020
12018
12017
12015
12014
12012
12010
12009
12007
12006
12004
12003
12001
12000
11998
11996
11995
11993
11992
11990
11989
11987
11985
11984
11982
11981
11979
11978
11976
11974
11973
11971
11970
11968
11967
11965
11963
11962
11960
11959
11957
11956
11954
11952
11951
11949
11948
11946
11945
11943
11941
11940
11938
11937
11935
11934
11932
11930
11929
11927
11926
11924
11923
11921
11919
11918
11916
11915
11913
11912
11910
11908
11907
11905
11904
11902
11901
11899
11897
11896
11894
11893
11891
11890
11888
11886
11885
11883
11882
11880
11879
11877
11875
11874
11872
11871
11869
11868
11866
11864
11863
11861
11860
11858
11857
11855
11853
11852
11850
11849
11847
11845
11844
11842
11841
11839
11838
11836
11834
11833
11831
11830
11828
11827
11825
11823
11822
11820
11819
11817
11816
11814
11812
11811
11809
11808
11806
11804
11803
11801
11800
11798
11797
11795
11793
11792
11790
11789
11787
11786
11784
11782
11781
11779
11778
11776
11774
11773
11771
11770
11768
11767
11765
11763
11762
11760
11759
11757
11756
11754
11752
11751
11749
11748
11746
11744
11743
11741
11740
11738
11737
11735
11733
11732
11730
11729
11727
11725
11724
11722
11721
11719
11718
11716
11714
11713
11711
11710
11708
11706
11705
11703
11702
11700
11699
11697
11695
11694
11692
11691
11689
11688
11686
11684
11683
11681
11680
11678
11676
11675
11673
11672
11670
11669
11667
11665
11664
11662
11661
11659
11657
11656
11654
11653
11651
11650
11648
11646
11645
11643
11642
11640
11638
11637
11635
11634
11632
11630
11629
11627
11626
11624
11623
11621
11619
11618
11616
11615
11613
11611
11610
11608
11607
11605
11604
11602
11600
11599
11597
11596
11594
11592
11591
11589
11588
11586
11585
11583
11581
11580
11578
11577
11575
11573
11572
11570
11569
11567
11565
11564
11562
11561
11559
11558
11556
11554
11553
11551
11550
11548
11546
11545
11543
11542
11540
11539
11537
11535
11534
11532
11531
11529
11527
11526
11524
11523
11521
11519
11518
11516
11515
11513
11512
11510
11508
11507
11505
11504
11502
11500
11499
11497
11496
11494
11493
11491
11489
11488
11486
11485
11483
11481
11480
11478
11477
11475
11473
11472
11470
11469
11467
11466
11464
11462
11461
11459
11458
11456
11454
11453
11451
11450
11448
11446
11445
11443
11442
11440
11439
11437
11435
11434
11432
11431
11429
11427
11426
11424
11423
11421
11420
11418
11416
11415
11413
11412
11410
11408
11407
11405
11404
11402
11400
11399
11397
11396
11394
11393
11391
11389
11388
11386
11385
11383
11381
11380
11378
11377
11375
11374
11372
11370
11369
11367
11366
11364
11362
11361
11359
11358
11356
11355
11353
11351
11350
11348
11347
11345
11343
11342
11340
11339
11337
11335
11334
11332
11331
11329
11328
11326
11324
11323
11321
11320
11318
11316
11315
11313
11312
11310
11309
11307
11305
11304
11302
11301
11299
11297
11296
11294
11293
11291
11290
11288
11286
11285
11283
11282
11280
11278
11277
11275
11274
11272
11271
11269
11267
11266
11264
11263
11261
11260
11258
11256
11255
11253
11252
11250
11248
11247
11245
11244
11242
11241
11239
11237
11236
11234
11233
11231
11229
11228
11226
11225
11223
11222
11220
11218
11217
11215
11214
11212
11211
11209
11207
11206
11204
11203
11201
11199
11198
11196
11195
11193
11192
11190
11188
11187
11185
11184
11182
11181
11179
11177
11176
11174
11173
11171
11170
11168
11166
11165
11163
11162
11160
11159
11157
11155
11154
11152
11151
11149
11148
11146
11144
11143
11141
11140
11138
11136
11135
11133
11132
11130
11129
11127
11125
11124
11122
11121
11119
11118
11116
11115
11113
11111
11110
11108
11107
11105
11104
11102
11100
11099
11097
11096
11094
11093
11091
11089
11088
11086
11085
11083
11082
11080
11078
11077
11075
11074
11072
11071
11069
11067
11066
11064
11063
11061
11060
11058
11057
11055
11053
11052
11050
11049
11047
11046
11044
11042
11041
11039
11038
11036
11035
11033
11032
11030
11028
11027
11025
11024
11022
11021
11019
11018
11016
11014
11013
11011
11010
11008
11007
11005
11003
11002
11000
10999
10997
10996
10994
10993
10991
10990
10988
10986
10985
10983
10982
10980
10979
10977
10976
10974
10972
10971
10969
10968
10966
10965
10963
10962
10960
10958
10957
10955
10954
10952
10951
10949
10948
10946
10945
10943
10941
10940
10938
10937
10935
10934
10932
10931
10929
10928
10926
10924
10923
10921
10920
10918
10917
10915
10914
10912
10911
10909
10907
10906
10904
10903
10901
10900
10898
10897
10895
10894
10892
10891
10889
10888
10886
10884
10883
10881
10880
10878
10877
10875
10874
10872
10871
10869
10868
10866
10865
10863
10861
10860
10858
10857
10855
10854
10852
10851
10849
10848
10846
10845
10843
10842
10840
10839
10837
10835
10834
10832
10831
10829
10828
10826
10825
10823
10822
10820
10819
10817
10816
10814
10813
10811
10810
10808
10807
10805
10804
10802
10800
10799
10797
10796
10794
10793
10791
10790
10788
10787
10785
10784
10782
10781
10779
10778
10776
10775
10773
10772
10770
10769
10767
10766
10764
10763
10761
10760
10758
10757
10755
10754
10752
10751
10749
10748
10746
10745
10743
10742
10740
10739
10737
10736
10734
10733
10731
10730
10728
10727
10725
10724
10722
10721
10719
10718
10716
10715
10713
10712
10710
10709
10707
10706
10704
10703
10701
10700
10698
10697
10695
10694
10692
10691
10689
10688
10686
10685
10683
10682
10681
10679
10678
10676
10675
10673
10672
10670
10669
10667
10666
10664
10663
10661
10660
10658
10657
10655
10654
10652
10651
10650
10648
10647
10645
10644
10642
10641
10639
10638
10636
10635
10633
10632
10630
10629
10628
10626
10625
10623
10622
10620
10619
10617
10616
10614
10613
10611
10610
10609
10607
10606
10604
10603
10601
10600
10598
10597
10595
10594
10593
10591
10590
10588
10587
10585
10584
10582
10581
10580
10578
10577
10575
10574
10572
10571
10569
10568
10567
10565
10564
10562
10561
10559
10558
10557
10555
10554
10552
10551
10549
10548
10546
10545
10544
10542
10541
10539
10538
10536
10535
10534
10532
10531
10529
10528
10527
10525
10524
10522
10521
10519
10518
10517
10515
10514
10512
10511
10510
10508
10507
10505
10504
10502
10501
10500
10498
10497
10495
10494
10493
10491
10490
10488
10487
10486
10484
10483
10481
10480
10479
10477
10476
10474
10473
10472
10470
10469
10467
10466
10465
10463
10462
10460
10459
10458
10456
10455
10454
10452
10451
10449
10448
10447
10445
10444
10442
10441
10440
10438
10437
10436
10434
10433
10431
10430
10429
10427
10426
10425
10423
10422
10420
10419
10418
10416
10415
10414
10412
10411
10410
10408
10407
10405
10404
10403
10401
10400
10399
10397
10396
10395
10393
10392
10391
10389
10388
10387
10385
10384
10382
10381
10380
10378
10377
10376
10374
10373
10372
10370
10369
10368
10366
10365
10364
10362
10361
10360
10358
10357
10356
10354
10353
10352
10350
10349
10348
10346
10345
10344
10343
10341
10340
10339
10337
10336
10335
10333
10332
10331
10329
10328
10327
10325
10324
10323
10322
10320
10319
10318
10316
10315
10314
10312
10311
10310
10309
10307
10306
10305
10303
10302
10301
10299
10298
10297
10296
10294
10293
10292
10290
10289
10288
10287
10285
10284
10283
10282
10280
10279
10278
10276
10275
10274
10273
10271
10270
10269
10268
10266
10265
10264
10262
10261
10260
10259
10257
10256
10255
10254
10252
10251
10250
10249
10247
10246
10245
10244
10242
10241
10240
10239
10237
10236
10235
10234
10233
10231
10230
10229
10228
10226
10225
10224
10223
10221
10220
10219
10218
10217
10215
10214
10213
10212
10210
10209
10208
10207
10206
10204
10203
10202
10201
10199
10198
10197
10196
10195
10193
10192
10191
10190
10189
10187
10186
10185
10184
10183
10182
10180
10179
10178
10177
10176
10174
10173
10172
10171
10170
10168
10167
10166
10165
10164
10163
10161
10160
10159
10158
10157
10156
10154
10153
10152
10151
10150
10149
10147
10146
10145
10144
10143
10142
10141
10139
10138
10137
10136
10135
10134
10132
10131
10130
10129
10128
10127
10126
10125
10123
10122
10121
10120
10119
10118
10117
10115
10114
10113
10112
10111
10110
10109
10108
10107
10105
10104
10103
10102
10101
10100
10099
10098
10097
10095
10094
10093
10092
10091
10090
10089
10088
10087
10086
10085
10083
10082
10081
10080
10079
10078
10077
10076
10075
10074
10073
10072
10070
10069
10068
10067
10066
10065
10064
10063
10062
10061
10060
10059
10058
10057
10056
10055
10054
10052
10051
10050
10049
10048
10047
10046
10045
10044
10043
10042
10041
10040
10039
10038
10037
10036
10035
10034
10033
10032
10031
10030
10029
10028
10027
10026
10025
10024
10023
10022
10021
10020
10019
10018
10017
10016
10015
10014
10013
10012
10011
10010
10009
10008
10007
10006
10005
10004
10003
10002
10001
10000
 9999
 9998
 9997
 9996
 9995
 9994
 9993
 9992
 9991
 9990
 9989
 9988
 9987
 9986
 9985
 9985
 9984
 9983
 9982
 9981
 9980
 9979
 9978
 9977
 9976
 9975
 9974
 9973
 9972
 9971
 9970
 9970
 9969
 9968
 9967
 9966
 9965
 9964
 9963
 9962
 9961
 9960
 9959
 9959
 9958
 9957
 9956
 9955
 9954
 9953
 9952
 9951
 9950
 9950
 9949
 9948
 9947
 9946
 9945
 9944
 9943
 9942
 9942
 9941
 9940
 9939
 9938
 9937
 9936
 9935
 9935
 9934
 9933
 9932
 9931
 9930
 9929
 9929
 9928
 9927
 9926
 9925
 9924
 9924
 9923
 9922
 9921
 9920
 9919
 9919
 9918
 9917
 9916
 9915
 9914
 9914
 9913
 9912
 9911
 9910
 9909
 9909
 9908
 9907
 9906
 9905
 9905
 9904
 9903
 9902
 9901
 9901
 9900
 9899
 9898
 9897
 9897
 9896
 9895
 9894
 9894
 9893
 9892
 9891
 9890
 9890
 9889
 9888
 9887
 9887
 9886
 9885
 9884
 9884
 9883
 9882
 9881
 9881
 9880
 9879
 9878
 9878
 9877
 9876
 9875
 9875
 9874
 9873
 9872
 9872
 9871
 9870
 9870
 9869
 9868
 9867
 9867
 9866
 9865
 9865
 9864
 9863
 9862
 9862
 9861
 9860
 9860
 9859
 9858
 9858
 9857
 9856
 9855
 9855
 9854
 9853
 9853
 9852
 9851
 9851
 9850
 9849
 9849
 9848
 9847
 9847
 9846
 9845
 9845
 9844
 9843
 9843
 9842
 9842
 9841
 9840
 9840
 9839
 9838
 9838
 9837
 9836
 9836
 9835
 9835
 9834
 9833
 9833
 9832
 9831
 9831
 9830
 9830
 9829
 9828
 9828
 9827
 9827
 9826
 9825
 9825
 9824
 9824
 9823
 9822
 9822
 9821
 9821
 9820
 9820
 9819
 9818
 9818
 9817
 9817
 9816
 9816
 9815
 9814
 9814
 9813
 9813
 9812
 9812
 9811
 9811
 9810
 9810
 9809
 9808
 9808
 9807
 9807
 9806
 9806
 9805
 9805
 9804
 9804
 9803
 9803
 9802
 9802
 9801
 9801
 9800
 9800
 9799
 9799
 9798
 9798
 9797
 9797
 9796
 9796
 9795
 9795
 9794
 9794
 9793
 9793
 9792
 9792
 9791
 9791
 9791
 9790
 9790
 9789
 9789
 9788
 9788
 9787
 9787
 9786
 9786
 9786
 9785
 9785
 9784
 9784
 9783
 9783
 9783
 9782
 9782
 9781
 9781
 9781
 9780
 9780
 9779
 9779
 9778
 9778
 9778
 9777
 9777
 9777
 9776
 9776
 9775
 9775
 9775
 9774
 9774
 9773
 9773
 9773
 9772
 9772
 9772
 9771
 9771
 9771
 9770
 9770
 9770
 9769
 9769
 9768
 9768
 9768
 9767
 9767
 9767
 9766
 9766
 9766
 9766
 9765
 9765
 9765
 9764
 9764
 9764
 9763
 9763
 9763
 9762
 9762
 9762
 9762
 9761
 9761
 9761
 9760
 9760
 9760
 9760
 9759
 9759
 9759
 9758
 9758
 9758
 9758
 9757
 9757
 9757
 9757
 9756
 9756
 9756
 9756
 9755
 9755
 9755
 9755
 9755
 9754
 9754
 9754
 9754
 9753
 9753
 9753
 9753
 9753
 9752
 9752
 9752
 9752
 9752
 9751
 9751
 9751
 9751
 9751
 9750
 9750
 9750
 9750
 9750
 9750
 9749
 9749
 9749
 9749
 9749
 9749
 9748
 9748
 9748
 9748
 9748
 9748
 9748
 9747
 9747
 9747
 9747
 9747
 9747
 9747
 9747
 9746
 9746
 9746
 9746
 9746
 9746
 9746
 9746
 9746
 9745
 9745
 9745
 9745
 9745
 9745
 9745
 9745
 9745
 9745
 9745
 9745
 9744
 9744
 9744
 9744
 9744
 9744
 9744
 9744
 9744
 9744
 9744
 9744
 9744
 9744
 9744
 9744
 9744
 9744
 9744
 9744
 9744
 9744
 9744
 9744
 9744
 9744
 9744
 9744
 9744
 9744
 9744
 9744
 9744
 9744
 9744
 9744
 9744
 9744
 9744
 9744
 9744
 9744
 9744
 9744
 9744
 9744
 9744
 9744
 9744
 9744
 9744
 9744
 9744
 9745
 9745
 9745
 9745
 9745
 9745
 9745
 9745
 9745
 9745
 9745
 9745
 9746
 9746
 9746
 9746
 9746
 9746
 9746
 9746
 9746
 9747
 9747
 9747
 9747
 9747
 9747
 9747
 9747
 9748
 9748
 9748
 9748
 9748
 9748
 9749
 9749
 9749
 9749
 9749
 9749
 9750
 9750
 9750
 9750
 9750
 9750
 9751
 9751
 9751
 9751
 9751
 9752
 9752
 9752
 9752
 9752
 9753
 9753
 9753
 9753
 9754
 9754
 9754
 9754
 9754
 9755
 9755
 9755
 9755
 9756
 9756
 9756
 9756
 9757
 9757
 9757
 9758
 9758
 9758
 9758
 9759
 9759
 9759
 9760
 9760
 9760
 9760
 9761
 9761
 9761
 9762
 9762
 9762
 9763
 9763
 9763
 9764
 9764
 9764
 9765
 9765
 9765
 9766
 9766
 9766
 9767
 9767
 9767
 9768
 9768
 9768
 9769
 9769
 9769
 9770
 9770
 9771
 9771
 9771
 9772
 9772
 9773
 9773
 9773
 9774
 9774
 9775
 9775
 9775
 9776
 9776
 9777
 9777
 9777
 9778
 9778
 9779
 9779
 9780
 9780
 9780
 9781
 9781
 9782
 9782
 9783
 9783
 9784
 9784
 9785
 9785
 9786
 9786
 9787
 9787
 9788
 9788
 9789
 9789
 9789
 9790
 9791
 9791
 9792
 9792
 9793
 9793
 9794
 9794
 9795
 9795
 9796
 9796
 9797
 9797
 9798
 9798
 9799
 9800
 9800
 9801
 9801
 9802
 9802
 9803
 9803
 9804
 9805
 9805
 9806
 9806
 9807
 9808
 9808
 9809
 9809
 9810
 9811
 9811
 9812
 9812
 9813
 9814
 9814
 9815
 9816
 9816
 9817
 9817
 9818
 9819
 9819
 9820
 9821
 9821
 9822
 9823
 9823
 9824
 9825
 9825
 9826
 9827
 9827
 9828
 9829
 9829
 9830
 9831
 9832
 9832
 9833
 9834
 9834
 9835
 9836
 9836
 9837
 9838
 9839
 9839
 9840
 9841
 9842
 9842
 9843
 9844
 9845
 9845
 9846
 9847
 9848
 9848
 9849
 9850
 9851
 9851
 9852
 9853
 9854
 9855
 9855
 9856
 9857
 9858
 9859
 9859
 9860
 9861
 9862
 9863
 9864
 9864
 9865
 9866
 9867
 9868
 9869
 9869
 9870
 9871
 9872
 9873
 9874
 9874
 9875
 9876
 9877
 9878
 9879
 9880
 9881
 9881
 9882
 9883
 9884
 9885
 9886
 9887
 9888
 9889
 9890
 9890
 9891
 9892
 9893
 9894
 9895
 9896
 9897
 9898
 9899
 9900
 9901
 9902
 9903
 9904
 9905
 9906
 9906
 9907
 9908
 9909
 9910
 9911
 9912
 9913
 9914
 9915
 9916
 9917
 9918
 9919
 9920
 9921
 9922
 9923
 9924
 9925
 9926
 9927
 9928
 9929
 9931
 9932
 9933
 9934
 9935
 9936
 9937
 9938
 9939
 9940
 9941
 9942
 9943
 9944
 9945
 9946
 9948
 9949
 9950
 9951
 9952
 9953
 9954
 9955
 9956
 9957
 9959
 9960
 9961
 9962
 9963
 9964
 9965
 9966
 9968
 9969
 9970
 9971
 9972
 9973
 9974
 9976
 9977
 9978
 9979
 9980
 9981
 9983
 9984
 9985
 9986
 9987
 9989
 9990
 9991
 9992
 9993
 9995
 9996
 9997
 9998
 9999
10001
10002
10003
10004
10006
10007
10008
10009
10011
10012
10013
10014
10016
10017
10018
10019
10021
10022
10023
10024
10026
10027
10028
10030
10031
10032
10034
10035
10036
10037
10039
10040
10041
10043
10044
10045
10047
10048
10049
10051
10052
10053
10055
10056
10057
10059
10060
10062
10063
10064
10066
10067
10068
10070
10071
10073
10074
10075
10077
10078
10080
10081
10082
10084
10085
10087
10088
10090
10091
10092
10094
10095
10097
10098
10100
10101
10103
10104
10105
10107
10108
10110
10111
10113
10114
10116
10117
10119
10120
10122
10123
10125
10126
10128
10129
10131
10132
10134
10135
10137
10138
10140
10141
10143
10144
10146
10148
10149
10151
10152
10154
10155
10157
10158
10160
10162
10163
10165
10166
10168
10169
10171
10173
10174
10176
10177
10179
10181
10182
10184
10186
10187
10189
10190
10192
10194
10195
10197
10199
10200
10202
10203
10205
10207
10208
10210
10212
10213
10215
10217
10218
10220
10222
10224
10225
10227
10229
10230
10232
10234
10235
10237
10239
10241
10242
10244
10246
10247
10249
10251
10253
10254
10256
10258
10260
10261
10263
10265
10267
10268
10270
10272
10274
10276
10277
10279
10281
10283
10284
10286
10288
10290
10292
10293
10295
10297
10299
10301
10303
10304
10306
10308
10310
10312
10314
10315
10317
10319
10321
10323
10325
10326
10328
10330
10332
10334
10336
10338
10340
10341
10343
10345
10347
10349
10351
10353
10355
10357
10359
10360
10362
10364
10366
10368
10370
10372
10374
10376
10378
10380
10382
10384
10386
10388
10389
10391
10393
10395
10397
10399
10401
10403
10405
10407
10409
10411
10413
10415
10417
10419
10421
10423
10425
10427
10429
10431
10433
10435
10437
10439
10441
10443
10445
10448
10450
10452
10454
10456
10458
10460
10462
10464
10466
10468
10470
10472
10474
10476
10478
10481
10483
10485
10487
10489
10491
10493
10495
10497
10499
10502
10504
10506
10508
10510
10512
10514
10516
10519
10521
10523
10525
10527
10529
10532
10534
10536
10538
10540
10542
10545
10547
10549
10551
10553
10555
10558
10560
10562
10564
10566
10569
10571
10573
10575
10577
10580
10582
10584
10586
10589
10591
10593
10595
10598
10600
10602
10604
10607
10609
10611
10613
10616
10618
10620
10622
10625
10627
10629
10631
10634
10636
10638
10641
10643
10645
10648
10650
10652
10654
10657
10659
10661
10664
10666
10668
10671
10673
10675
10678
10680
10682
10685
10687
10689
10692
10694
10697
10699
10701
10704
10706
10708
10711
10713
10716
10718
10720
10723
10725
10727
10730
10732
10735
10737
10739
10742
10744
10747
10749
10752
10754
10756
10759
10761
10764
10766
10769
10771
10773
10776
10778
10781
10783
10786
10788
10791
10793
10796
10798
10801
10803
10805
10808
10810
10813
10815
10818
10820
10823
10825
10828
10830
10833
10835
10838
10840
10843
10846
10848
10851
10853
10856
10858
10861
10863
10866
10868
10871
10873
10876
10879
10881
10884
10886
10889
10891
10894
10897
10899
10902
10904
10907
10909
10912
10915
10917
10920
10922
10925
10928
10930
10933
10935
10938
10941
10943
10946
10949
10951
10954
10956
10959
10962
10964
10967
10970
10972
10975
10978
10980
10983
10986
10988
10991
10994
10996
10999
11002
11004
11007
11010
11012
11015
11018
11020
11023
11026
11028
11031
11034
11036
11039
11042
11045
11047
11050
11053
11055
11058
11061
11064
11066
11069
11072
11075
11077
11080
11083
11086
11088
11091
11094
11097
11099
11102
11105
11108
11110
11113
11116
11119
11122
11124
11127
11130
11133
11135
11138
11141
11144
11147
11149
11152
11155
11158
11161
11163
11166
11169
11172
11175
11178
11180
11183
11186
11189
11192
11195
11197
11200
11203
11206
11209
11212
11215
11217
11220
11223
11226
11229
11232
11235
11237
11240
11243
11246
11249
11252
11255
11258
11260
11263
11266
11269
11272
11275
11278
11281
11284
11287
11289
11292
11295
11298
11301
11304
11307
11310
11313
11316
11319
11322
11325
11328
11330
11333
11336
11339
11342
11345
11348
11351
11354
11357
11360
11363
11366
11369
11372
11375
11378
11381
11384
11387
11390
11393
11396
11399
11402
11405
11408
11411
11414
11417
11420
11423
11426
11429
11432
11435
11438
11441
11444
11447
11450
11453
11456
11459
11462
11465
11468
11471
11474
11477
11480
11483
11486
11489
11492
11495
11498
11501
11505
11508
11511
11514
11517
11520
11523
11526
11529
11532
11535
11538
11541
11544
11548
11551
11554
11557
11560
11563
11566
11569
11572
11575
11578
11582
11585
11588
11591
11594
11597
11600
11603
11606
11610
11613
11616
11619
11622
11625
11628
11631
11635
11638
11641
11644
11647
11650
11653
11657
11660
11663
11666
11669
11672
11675
11679
11682
11685
11688
11691
11694
11698
11701
11704
11707
11710
11714
11717
11720
11723
11726
11729
11733
11736
11739
11742
11745
11749
11752
11755
11758
11761
11765
11768
11771
11774
11777
11781
11784
11787
11790
11793
11797
11800
11803
11806
11810
11813
11816
11819
11823
11826
11829
11832
11835
11839
11842
11845
11848
11852
11855
11858
11861
11865
11868
11871
11874
11878
11881
11884
11887
11891
11894
11897
11901
11904
11907
11910
11914
11917
11920
11923
11927
11930
11933
11937
11940
11943
11946
11950
11953
11956
11960
11963
11966
11969
11973
11976
11979
11983
11986
11989
11993
11996
11999
12003
12006
12009
12012
12016
12019
12022
12026
12029
12032
12036
12039
12042
12046
12049
12052
12056
12059
12062
12066
12069
12072
12076
12079
12082
12086
12089
12092
12096
12099
12102
12106
12109
12112
12116
12119
12123
12126
12129
12133
12136
12139
12143
12146
12149
12153
12156
12160
12163
12166
12170
12173
12176
12180
12183
12187
12190
12193
12197
12200
12203
12207
12210
12214
12217
12220
12224
12227
12231
12234
12237
12241
12244
12247
12251
12254
12258
12261
12264
12268
12271
12275
12278
12282
12285
12288
12292
12295
12299
12302
12305
12309
12312
12316
12319
12322
12326
12329
12333
12336
12340
12343
12346
12350
12353
12357
12360
12364
12367
12370
12374
12377
12381
12384
12388
12391
12394
12398
12401
12405
12408
12412
12415
12418
12422
12425
12429
12432
12436
12439
12443
12446
12449
12453
12456
12460
12463
12467
12470
12474
12477
12481
12484
12487
12491
12494
12498
12501
12505
12508
12512
12515
12519
12522
12526
12529
12532
12536
12539
12543
12546
12550
12553
12557
12560
12564
12567
12571
12574
12578
12581
12584
12588
12591
12595
12598
12602
12605
12609
12612
12616
12619
12623
12626
12630
12633
12637
12640
12644
12647
12651
12654
12658
12661
12665
12668
12672
12675
12678
12682
12685
12689
12692
12696
12699
12703
12706
12710
12713
12717
12720
12724
12727
12731
12734
12738
12741
12745
12748
12752
12755
12759
12762
12766
12769
12773
12776
12780
12783
12787
12790
12794
12797
12801
12804
12808
12811
12815
12818
12822
12825
12829
12832
12836
12839
12843
12846
12850
12853
12857
12860
12864
12867
12871
12874
12878
12881
12885
12888
12892
12895
12899
12902
12906
12909
12913
12916
12920
12923
12927
12931
12934
12938
12941
12945
12948
12952
12955
12959
12962
12966
12969
12973
12976
12980
12983
12987
12990
12994
12997
13001
13004
13008
13011
13015
13018
13022
13025
13029
13032
13036
13039
13043
13046
13050
13053
13057
13060
13064
13067
13071
13074
13078
13081
13085
13088
13092
13095
13099
13102
13106
13110
13113
13117
13120
13124
13127
13131
13134
13138
13141
13145
13148
13152
13155
13159
13162
13166
13169
13173
13176
13180
13183
13187
13190
13194
13197
13201
13204
13208
13211
13215
13218
13222
13225
13229
13232
13236
13239
13243
13246
13250
13253
13257
13260
13264
13267
13271
13274
13278
13281
13285
13288
13292
13295
13299
13302
13306
13309
13313
13316
13320
13323
13327
13330
13334
13337
13341
13344
13348
13351
13355
13358
13362
13365
13369
13372
13376
13379
13383
13386
13389
13393
13396
13400
13403
13407
13410
13414
13417
13421
13424
13428
13431
13435
13438
13442
13445
13449
13452
13456
13459
13463
13466
13470
13473
13476
13480
13483
13487
13490
13494
13497
13501
13504
13508
13511
13515
13518
13522
13525
13528
13532
13535
13539
13542
13546
13549
13553
13556
13560
13563
13567
13570
13573
13577
13580
13584
13587
13591
13594
13598
13601
13604
13608
13611
13615
13618
13622
13625
13629
13632
13635
13639
13642
13646
13649
13653
13656
13660
13663
13666
13670
13673
13677
13680
13684
13687
13690
13694
13697
13701
13704
13708
13711
13714
13718
13721
13725
13728
13731
13735
13738
13742
13745
13749
13752
13755
13759
13762
13766
13769
13772
13776
13779
13783
13786
13789
13793
13796
13800
13803
13806
13810
13813
13817
13820
13823
13827
13830
13834
13837
13840
13844
13847
13850
13854
13857
13861
13864
13867
13871
13874
13877
13881
13884
13888
13891
13894
13898
13901
13904
13908
13911
13915
13918
13921
13925
13928
13931
13935
13938
13941
13945
13948
13951
13955
13958
13961
13965
13968
13971
13975
13978
13981
13985
13988
13991
13995
13998
14001
14005
14008
14011
14015
14018
14021
14025
14028
14031
14035
14038
14041
14045
14048
14051
14055
14058
14061
14065
14068
14071
14074
14078
14081
14084
14088
14091
14094
14097
14101
14104
14107
14111
14114
14117
14120
14124
14127
14130
14134
14137
14140
14143
14147
14150
14153
14156
14160
14163
14166
14170
14173
14176
14179
14183
14186
14189
14192
14196
14199
14202
14205
14209
14212
14215
14218
14222
14225
14228
14231
14234
14238
14241
14244
14247
14251
14254
14257
14260
14263
14267
14270
14273
14276
14279
14283
14286
14289
14292
14296
14299
14302
14305
14308
14311
14315
14318
14321
14324
14327
14331
14334
14337
14340
14343
14346
14350
14353
14356
14359
14362
14365
14369
14372
14375
14378
14381
14384
14388
